0
0
0
0
0
0
0
0
0
0
0
0
0
0
0
0
0
0
0
0
0
0
0
0
0
0
0
0
0
0
0
0
11482
11482
11483
11483
11482
11482
11483
11484
11483
11484
11483
11483
11483
11483
11483
11484
11485
11485
11486
11487
11485
11487
11485
11484
11483
11483
11482
11481
11481
11482
11481
11481
11480
11480
11481
11482
11481
11479
11477
11478
11477
11477
11477
11477
11477
11477
11477
11475
11476
11475
11474
11475
11475
11475
11477
11478
11479
11479
11480
11481
11481
11480
11480
11481
11481
11481
11482
11480
11483
11485
11486
11485
11487
11487
11487
11487
11487
11487
11487
11488
11487
11489
11490
11489
11490
11489
11488
11489
11488
11488
11488
11488
11487
11487
11487
11488
11489
11490
11488
11490
11487
11485
11483
11483
11481
11481
11480
11481
11482
11482
11482
11482
11482
11481
11481
11481
11480
11480
11480
11478
11479
11478
11479
11479
11480
11479
11481
11479
11478
11479
11479
11479
11481
11482
11483
11483
11483
11482
11484
11482
11482
11482
11482
11481
11481
11480
11479
11480
11480
11481
11483
11484
11484
11485
11484
11483
11484
11483
11481
11480
11481
11479
11481
11479
11480
11480
11481
11480
11481
11481
11479
11481
11480
11481
11479
11479
11478
11479
11479
11479
11481
11480
11479
11479
11479
11479
11479
11480
11479
11481
11482
11484
11484
11485
11484
11485
11484
11483
11484
11483
11482
11481
11482
11481
11482
11481
11483
11485
11486
11485
11487
11485
11485
11485
11485
11485
11485
11485
11485
11485
11485
11485
11485
11485
11484
11484
11483
11482
11483
11484
11484
11484
11485
11486
11485
11485
11485
11483
11482
11480
11480
11480
11480
11481
11480
11479
11479
11478
11477
11477
11476
11477
11478
11478
11477
11477
11477
11476
11478
11479
11479
11478
11476
11478
11477
11477
11478
11476
11474
11475
11476
11476
11477
11478
11477
11476
11476
11476
11475
11477
11478
11479
11478
11476
11474
11475
11476
11477
11477
11477
11476
11475
11473
11474
11473
11472
11472
11474
11473
11476
11477
11478
11478
11479
11478
11477
11477
11477
11476
11478
11478
11478
11478
11477
11479
11480
11481
11480
11480
11479
11480
11482
11482
11483
11484
11484
11486
11487
11488
11486
11487
11485
11484
11485
11484
11484
11485
11486
11485
11487
11487
11485
11487
11485
11486
11486
11486
11485
11485
11484
11483
11484
11483
11483
11484
11484
11484
11484
11484
11484
11485
11486
11485
11486
11486
11484
11486
11485
11485
11485
11486
11485
11486
11487
11486
11487
11486
11486
11486
11487
11486
11487
11487
11485
11487
11485
11485
11486
11486
11485
11485
11484
11482
11483
11483
11484
11486
11487
11485
11486
11484
11483
11484
11483
11484
11484
11484
