0
0
0
0
0
0
0
0
0
0
0
0
0
0
0
0
0
0
0
0
0
0
0
0
0
0
0
0
0
0
0
0
11567
11567
11568
11570
11569
11569
11569
11569
11567
11568
11567
11566
11567
11568
11568
11567
11566
11566
11566
11566
11566
11565
11566
11568
11568
11568
11568
11570
11572
11573
11574
11573
11573
11573
11574
11572
11571
11571
11571
11572
11572
11571
11570
11571
11571
11571
11571
11571
11573
11573
11574
11574
11575
11576
11574
11574
11574
11574
11573
11572
11570
11570
11568
11567
11567
11567
11567
11568
11569
11570
11569
11569
11570
11571
11572
11571
11570
11569
11569
11569
11567
11568
11567
11566
11566
11567
11568
11567
11567
11567
11567
11566
11567
11567
11567
11568
11566
11566
11566
11566
11567
11566
11568
11568
11567
11565
11566
11567
11568
11568
11568
11568
11568
11568
11567
11567
11566
11566
11566
11567
11567
11567
11568
11570
11570
11570
11570
11570
11571
11571
11571
11570
11569
11568
11566
11566
11567
11568
11566
11566
11566
11567
11567
11568
11570
11570
11572
11572
11572
11572
11572
11571
11570
11568
11568
11567
11567
11568
11569
11571
11572
11571
11569
11570
11571
11572
11573
11573
11573
11574
11576
11576
11576
11575
11576
11575
11574
11574
11574
11575
11575
11574
11575
11575
11575
11577
11576
11575
11575
11573
11572
11570
11570
11571
11573
11572
11571
11571
11570
11569
11568
11566
11565
11565
11565
11566
11564
11564
11563
11562
11562
11561
11561
11562
11562
11562
11562
11561
11561
11562
11562
11563
11563
11563
11562
11562
11562
11562
11562
11561
11561
11562
11563
11564
11564
11564
11563
11562
11562
11562
11563
11563
11562
11563
11564
11563
11562
11562
11562
11563
11564
11563
11561
11562
11563
11564
11565
11565
11566
11567
11567
11566
11567
11567
11567
11568
11568
11569
11569
11570
11571
11572
11571
11570
11570
11570
11570
11570
11570
11571
11571
11571
11571
11571
11572
11570
11570
11570
11570
11570
11569
11570
11571
11572
11570
11570
11570
11570
11571
11569
11570
11569
11570
11571
11572
11573
11575
11573
11573
11575
11576
11575
11574
11574
11574
11575
11576
11577
11578
11577
11577
11577
11576
11574
11574
11574
11575
11575
11574
11573
11573
11573
11572
11573
11572
11570
11569
